9,9,9
P-1,U1,171,153,106,224,252,161
P-2,U4,136,0,0,192,81,99
P-3,U4,0,0,0,42,101,51
P-5,U1,71,71,96,159,129,160
P-6,U4,95,0,109,151,84,200
P-9,U4,68,172,0,139,260,73
P-10,U4,152,84,0,222,172,85
P-12,U3,195,119,93,243,207,173
P-15,U5,105,222,197,154,306,257
P-16,U6,0,107,109,48,170,202
P-17,U6,48,107,109,105,170,192
P-19,U5,0,0,211,51,87,280
P-20,U4,0,84,88,56,172,194
P-23,U4,42,0,0,92,110,51
P-25,U1,118,132,0,171,176,77
P-26,U1,98,132,89,154,201,162
P-27,U3,176,119,0,225,181,93
P-28,U5,145,0,191,240,64,272
P-29,U3,63,119,104,116,181,190
P-32,U1,82,0,0,152,44,98
P-33,U5,53,68,209,143,157,282
P-36,U5,146,142,99,224,222,185
P-37,U3,90,0,0,141,59,76
P-40,U1,126,264,0,196,309,90
P-41,U5,56,68,0,146,136,104
P-42,U6,129,107,0,170,169,109
P-45,U5,149,222,89,221,303,180
P-46,U6,170,107,0,241,169,94
P-49,U5,50,68,109,90,137,209
P-50,U6,156,170,104,229,234,208
P-53,U1,152,0,0,205,44,106
P-54,U3,0,0,106,51,59,212
P-57,U3,0,59,110,64,118,193
P-58,U6,129,107,218,231,202,273
P-59,U3,0,59,194,85,138,243
P-63,U5,154,67,214,239,142,283
P-65,U2,55,94,0,133,144,110
P-68,U4,90,0,0,136,81,92
P-69,U5,58,222,197,105,306,251
P-71,U6,172,0,0,232,43,99
P-72,U1,0,44,0,83,88,89
P-73,U6,67,170,0,153,233,104
P-75,U2,148,198,76,222,241,161
P-76,U3,141,119,203,237,211,243
P-78,U6,199,234,52,241,308,156
P-80,U1,79,176,0,122,220,85
P-82,U6,67,234,104,138,300,201
P-85,U2,70,100,110,138,144,157
P-86,U6,196,107,109,237,170,174
P-87,U2,143,144,0,196,198,107
P-88,U3,0,181,97,70,243,203
P-90,U1,0,220,0,98,264,102
P-91,U2,0,144,0,91,194,92
P-92,U1,159,88,77,217,153,135
P-93,U6,113,0,206,205,88,274
P-94,U6,0,234,104,67,300,202
P-97,U4,184,103,175,237,196,228
P-98,U3,65,243,103,159,306,211
P-99,U5,154,142,185,224,210,256
P-102,U6,47,0,215,111,106,285
P-103,U6,0,0,99,78,44,201
P-105,U5,0,222,89,95,302,192
P-106,U6,92,49,108,182,103,200
P-108,U2,0,47,0,70,94,109
P-109,U6,78,0,99,157,44,197
P-111,U3,70,181,97,135,243,200
P-112,U6,0,170,0,67,233,79
P-117,U6,194,234,0,243,299,52
P-120,U6,0,186,202,91,234,276
P-123,U2,81,252,104,121,314,147
P-124,U6,147,49,0,219,103,104
P-125,U5,0,0,102,85,68,193
P-126,U6,0,170,104,60,234,189
P-129,U4,92,0,0,151,110,85
P-130,U2,66,0,0,106,45,78
P-131,U6,0,107,202,80,186,284
P-133,U6,105,107,109,196,170,218
P-134,U4,0,172,87,80,260,184
P-135,U2,0,0,0,66,45,108
P-136,U5,0,0,0,47,66,102
P-137,U3,0,59,0,96,118,110
P-139,U4,151,0,109,226,84,205
P-142,U5,0,142,0,83,216,92
P-144,U3,141,0,0,213,59,106
P-145,U5,71,142,99,146,221,205
P-146,U1,70,264,0,126,309,100
P-147,U6,148,234,0,194,299,55
P-148,U5,144,0,0,193,67,100
P-150,U6,105,49,0,147,103,58
P-151,U1,0,176,0,79,220,106
P-152,U6,80,106,218,129,173,275
P-153,U3,78,181,0,129,243,64
P-156,U2,70,47,0,143,94,110
P-157,U4,98,84,0,152,172,88
P-159,U2,91,144,0,143,194,92
P-161,U3,0,181,0,78,243,97
P-162,U6,44,234,0,90,299,104
P-163,U6,157,0,99,240,49,182
P-164,U3,0,138,203,102,225,243
P-165,U4,151,0,0,244,103,96
P-166,U3,0,243,0,84,305,103
P-167,U3,85,0,196,135,100,243
P-168,U4,0,172,0,68,260,87
P-169,U2,121,0,110,215,87,158
P-170,U4,93,103,198,174,203,242
P-171,U2,0,94,0,55,144,93
P-172,U2,143,94,107,219,165,158
P-176,U3,84,243,0,144,305,102
P-179,U3,0,119,104,63,181,177
P-180,U5,170,222,0,229,302,71
P-181,U6,182,49,108,239,107,206
P-182,U1,0,264,0,70,309,78
P-183,U4,151,103,0,208,208,72
P-185,U2,50,0,110,117,100,152
P-186,U4,0,110,197,93,194,244
P-187,U5,154,222,197,208,306,275
P-188,U4,47,84,0,98,170,51
P-189,U3,179,0,106,242,56,193
P-192,U3,159,243,183,235,317,237
P-198,U3,64,59,110,138,118,194
P-199,U6,0,234,202,58,301,275
P-202,U2,0,144,92,40,238,144
P-205,U2,172,0,0,212,47,109
P-206,U1,52,264,100,93,311,160
P-207,U5,150,68,109,195,138,204
P-211,U4,0,0,109,95,81,205
P-212,U5,195,68,109,243,142,214
P-214,U5,0,222,197,58,303,258
P-215,U5,0,222,0,87,302,89
P-216,U6,0,234,0,44,298,83
P-217,U6,105,234,202,177,308,280
P-218,U3,102,0,106,179,59,196
P-219,U6,0,107,0,76,168,94
P-220,U1,0,132,0,71,176,104
P-221,U1,0,132,104,68,176,153
P-222,U4,139,172,0,180,260,73
P-224,U5,0,68,0,56,136,99
P-226,U5,83,142,0,143,216,72
P-227,U3,96,59,0,169,118,96
P-232,U4,0,84,0,47,168,67
P-236,U4,175,172,87,231,263,143
P-238,U5,0,68,109,50,137,211
P-242,U4,80,260,85,149,313,174
P-244,U5,58,157,205,133,219,281
P-247,U3,116,119,104,195,181,202
P-248,U1,171,88,0,223,165,67
P-250,U3,169,59,0,234,118,102
P-251,U1,98,220,0,176,264,106
P-252,U4,151,208,0,199,318,95
P-255,U6,60,170,104,156,234,202
P-257,U2,0,198,0,51,252,67
P-258,U1,93,0,106,175,71,161
P-261,U4,199,208,0,241,308,77
P-263,U2,54,252,0,137,308,98
P-264,U5,85,0,102,145,68,210
P-265,U6,0,49,215,47,107,275
P-266,U4,56,84,88,109,172,149
P-267,U2,51,198,0,148,252,98
P-270,U6,58,234,202,105,304,254
P-271,U1,83,44,0,124,88,92
P-272,U1,182,165,41,222,240,105
P-273,U5,0,142,99,71,221,184
P-274,U4,109,84,88,184,172,198
P-275,U6,177,234,202,222,308,279
P-277,U6,0,49,0,105,103,108
P-278,U1,0,88,0,73,132,80
P-280,U6,76,107,0,129,168,90
P-282,U6,0,49,108,92,103,215
P-283,U5,47,0,0,144,66,100
P-284,U4,151,208,95,203,318,165
P-285,U5,95,222,89,149,303,197
P-289,U1,0,0,96,70,43,162
P-291,U1,0,176,106,74,257,146
P-293,U2,137,252,0,193,308,104
P-295,U5,146,68,0,195,137,109
P-297,U4,151,103,72,219,204,175
P-298,U1,73,88,0,159,132,91
P-299,U5,87,222,0,170,302,87
P-300,U4,151,0,96,220,101,193
P-303,U3,135,181,97,192,243,203
P-304,U5,145,0,102,196,68,191
P-305,U2,121,252,104,174,315,162
P-307,U1,0,0,0,82,43,96
P-309,U3,0,119,0,91,179,104
P-310,U6,113,0,0,172,43,65
P-312,U3,0,0,0,90,56,97
P-313,U2,0,252,0,54,306,91
P-315,U2,0,45,109,50,120,162
P-319,U4,92,110,0,140,211,102
P-320,U6,153,170,0,206,234,57
P-322,U2,106,0,0,172,45,102
P-324,U1,182,165,0,222,233,41
P-325,U3,159,243,103,236,306,183
P-326,U1,175,0,106,220,84,157
P-327,U1,124,44,0,182,88,96
P-328,U2,133,94,0,211,144,82
P-329,U6,90,234,0,148,299,94
P-333,U4,42,211,0,114,311,85
P-335,U2,40,144,98,131,239,155
P-336,U1,152,264,90,220,313,162
P-339,U2,148,198,0,224,252,76
P-342,U3,144,243,0,210,306,78
P-345,U6,0,0,0,47,43,78
P-346,U4,42,110,102,125,220,197
P-350,U5,90,68,109,150,137,194
P-352,U6,47,0,0,113,43,89
P-353,U6,138,234,104,199,300,174
P-355,U1,0,264,100,52,309,160
P-356,U5,143,142,0,238,219,99
P-357,U2,0,252,104,40,308,162
P-360,U5,0,142,205,53,222,281
P-363,U1,0,43,89,67,122,161
P-365,U4,80,172,87,175,260,197
P-366,U4,151,208,165,207,313,236
P-369,U4,0,260,85,75,318,169
P-371,U3,141,0,196,232,52,244
P-373,U3,129,181,0,201,243,84
P-378,U1,93,220,106,152,309,159
P-380,U2,40,252,104,81,314,160
P-381,U4,80,260,174,149,308,238
P-382,U5,196,0,0,239,102,106
P-383,U3,91,119,0,176,179,103
P-384,U4,0,220,184,73,289,244
P-385,U2,174,252,104,214,316,152
P-386,U3,0,243,103,65,306,213
P-387,U2,143,47,0,185,94,96
P-391,U5,58,0,210,145,65,283
P-393,U1,71,132,0,118,176,65
P-394,U4,0,0,0,90,81,109
P-395,U3,138,59,110,211,119,218
P-397,U3,51,0,106,102,59,186
P-399,U1,122,176,0,167,220,89
P-400,U5,0,87,211,52,137,275
