9,9,9
P-1,U1,107,121,54,206,176,107
P-2,U4,0,95,0,99,151,81
P-3,U4,158,255,88,209,297,189
P-4,U3,188,60,0,244,135,108
P-5,U2,159,151,95,217,239,159
P-6,U4,0,185,0,91,241,84
P-9,U5,97,0,88,170,71,176
P-10,U4,51,185,84,136,255,172
P-15,U4,91,185,0,151,234,84
P-16,U1,0,260,63,93,308,126
P-17,U1,109,260,0,192,317,63
P-20,U4,0,255,0,106,311,88
P-23,U5,0,188,0,51,238,110
P-25,U6,0,0,44,77,53,88
P-26,U4,79,185,172,152,241,241
P-27,U4,192,0,87,241,93,149
P-28,U3,177,148,148,241,229,243
P-29,U6,0,265,220,86,318,282
P-32,U6,89,0,88,187,70,132
P-33,U4,0,95,165,89,185,238
P-36,U3,147,240,79,233,318,159
P-37,U3,191,229,0,242,305,59
P-40,U6,0,0,220,90,70,265
P-41,U3,73,0,67,177,90,135
P-42,U1,0,260,0,109,301,62
P-45,U3,92,240,159,183,312,240
P-46,U2,0,0,0,94,71,62
P-49,U3,85,97,68,185,137,137
P-50,U2,0,91,0,104,164,64
P-53,U4,0,255,189,106,308,233
P-57,U4,158,185,172,241,249,231
P-58,U5,172,0,88,227,95,190
P-61,U5,187,164,110,244,273,205
P-65,U6,92,98,142,202,176,192
P-68,U3,0,240,159,92,286,240
P-69,U4,96,95,81,150,142,165
P-71,U1,0,0,43,99,60,86
P-72,U6,0,0,88,89,83,132
P-73,U2,0,0,63,104,86,126
P-75,U3,200,0,108,243,85,182
P-76,U3,0,0,203,92,96,243
P-78,U6,202,85,92,244,189,166
P-80,U5,0,274,0,85,317,44
P-82,U2,70,245,66,167,316,132
P-85,U5,104,274,211,151,318,279
P-86,U1,93,260,63,158,301,126
P-87,U6,0,189,108,107,242,162
P-90,U6,0,0,176,102,98,220
P-91,U6,0,98,142,92,189,192
P-92,U1,158,184,0,223,242,58
P-93,U5,172,0,190,240,92,278
P-94,U2,0,245,0,98,312,66
P-97,U6,0,265,0,93,318,53
P-102,U5,0,80,206,106,150,270
P-103,U1,98,0,86,200,78,130
P-105,U4,0,0,80,103,95,160
P-106,U1,104,79,108,196,169,162
P-108,U6,0,98,92,109,168,139
P-109,U1,0,0,86,98,79,130
P-112,U2,104,0,63,183,67,126
P-117,U2,94,187,65,146,236,130
P-123,U5,56,274,147,99,314,209
P-124,U1,0,79,108,104,151,162
P-125,U3,0,0,135,91,85,203
P-126,U2,98,91,64,183,151,128
P-129,U5,95,188,110,180,247,220
P-130,U5,0,274,44,78,314,89
P-133,U2,94,0,0,203,91,63
P-134,U5,0,0,88,97,80,176
P-135,U6,0,98,45,108,164,90
P-136,U2,98,245,0,200,292,66
P-139,U4,0,95,81,96,170,165
P-142,U3,0,157,148,92,240,222
P-145,U3,0,240,0,106,315,79
P-146,U6,0,98,0,100,154,45
P-147,U2,0,187,0,55,233,65
P-148,U3,100,0,0,200,49,67
P-150,U1,107,79,54,165,121,108
P-151,U6,77,0,44,183,79,88
P-156,U6,108,98,45,218,171,92
P-157,U4,136,185,84,224,239,172
P-159,U6,0,98,192,92,150,242
P-162,U2,55,187,0,159,233,65
P-163,U1,0,79,0,83,162,49
P-164,U2,183,0,64,223,102,151
P-165,U5,0,95,101,96,188,204
P-166,U6,167,176,0,229,279,84
P-167,U5,187,174,205,234,274,255
P-168,U5,0,0,176,87,68,264
P-169,U4,192,0,0,240,94,87
P-170,U5,200,95,0,244,176,100
P-171,U6,92,98,192,185,153,242
P-180,U3,0,240,79,71,299,159
P-181,U1,60,184,0,158,241,58
P-182,U6,90,0,220,168,70,265
P-183,U5,96,95,101,168,152,206
P-185,U1,98,184,119,198,251,161
P-187,U4,150,95,81,228,149,165
P-188,U4,0,185,84,51,236,170
P-189,U6,187,87,192,243,150,279
P-199,U3,0,0,67,73,58,134
P-201,U4,136,87,165,242,167,241
P-205,U5,0,274,91,109,314,138
P-206,U5,109,274,91,169,315,138
P-207,U3,0,157,0,95,202,70
P-208,U6,104,266,186,206,316,275
P-211,U4,0,0,160,96,95,241
P-212,U3,0,157,74,105,205,148
P-214,U3,183,240,159,244,298,240
P-215,U4,103,0,80,192,87,160
P-216,U2,104,91,0,187,135,64
P-217,U3,95,157,0,173,229,74
P-218,U6,102,189,220,192,266,279
P-219,U1,90,184,58,184,260,119
P-220,U6,0,0,0,104,71,44
P-221,U5,151,274,211,200,318,279
P-222,U4,106,255,0,179,296,88
P-224,U3,0,97,0,99,153,68
P-226,U3,92,157,148,164,217,222
P-232,U4,151,185,0,218,232,84
P-234,U5,0,274,211,104,317,276
P-236,U4,0,255,88,56,311,179
P-238,U3,109,97,137,211,147,206
P-242,U6,0,242,108,89,311,161
P-247,U5,110,95,206,208,174,268
P-248,U3,191,147,0,243,214,77
P-250,U6,0,189,220,102,254,279
P-251,U6,102,0,176,208,78,220
P-252,U5,51,188,0,146,236,110
P-255,U2,0,91,64,98,187,128
P-257,U6,98,189,54,165,240,108
P-258,U3,188,147,77,243,229,148
P-261,U6,109,87,242,186,187,284
P-263,U6,107,189,108,205,272,164
P-264,U3,91,0,135,199,60,203
P-265,U1,0,184,0,60,231,58
P-266,U4,179,255,0,240,308,88
P-267,U6,0,189,54,98,286,108
P-270,U2,167,245,66,219,292,136
P-271,U5,85,274,0,177,315,44
P-272,U1,0,171,119,75,235,159
P-273,U3,106,240,0,191,311,79
P-274,U5,0,0,0,110,75,88
P-275,U3,105,157,74,182,202,148
P-277,U1,83,79,0,191,184,54
P-278,U6,89,0,132,169,73,176
P-280,U1,0,184,58,90,237,119
P-282,U1,0,79,54,107,171,108
P-283,U3,0,0,0,100,97,66
P-284,U5,146,188,0,216,240,110
P-285,U4,96,0,160,204,54,241
P-291,U3,109,0,203,190,74,243
P-293,U6,97,189,164,201,245,220
P-295,U3,0,97,137,109,146,206
P-297,U5,0,95,0,103,163,101
P-298,U5,96,188,220,187,274,264
P-299,U4,99,0,0,186,83,80
P-300,U5,103,95,0,200,164,101
P-304,U3,99,97,0,188,148,68
P-307,U5,0,188,220,96,270,263
P-310,U1,0,0,0,65,59,43
P-312,U6,0,189,164,97,279,220
P-313,U6,76,189,0,167,243,54
P-319,U4,56,255,88,158,303,189
P-320,U1,158,260,63,215,313,127
P-322,U6,100,98,0,202,164,45
P-324,U5,200,274,211,241,314,279
P-326,U1,177,0,0,222,51,84
P-327,U6,104,0,0,200,58,44
P-328,U6,109,98,92,191,176,142
P-329,U2,0,187,65,94,245,130
P-333,U5,87,0,176,172,72,276
P-335,U2,159,151,0,216,242,95
P-336,U6,104,243,0,153,315,68
P-339,U6,0,189,0,76,265,54
P-345,U1,99,0,43,177,47,86
P-346,U5,0,188,110,95,271,220
P-350,U3,0,97,68,85,157,137
P-352,U1,65,0,0,154,66,43
P-353,U2,0,245,66,70,306,132
P-355,U4,171,255,189,231,307,234
P-356,U4,0,0,0,99,95,77
P-357,U5,169,274,91,227,314,147
P-360,U3,71,240,79,147,293,159
P-363,U4,0,185,172,79,252,244
P-365,U5,110,0,0,220,95,88
P-366,U5,168,95,101,239,151,206
P-378,U5,180,240,0,239,293,89
P-380,U5,0,274,147,56,315,209
P-382,U6,104,272,84,210,315,186
P-385,U5,99,274,147,147,314,211
P-387,U5,78,274,44,174,316,91
P-391,U6,169,0,220,242,87,285
P-393,U4,106,255,189,171,302,233
P-394,U4,99,95,0,208,185,81
P-396,U6,0,79,242,102,188,284
P-398,U6,187,0,44,239,85,147
P-399,U6,0,0,132,89,45,176
P-400,U6,192,189,220,244,239,284
