99 53 55
108 75 56
88 58 64
88 78 93
108 105 76
55 80 81
48 80 88
55 94 87
45 46 81
68 101 95
51 87 69
105 71 105
100 92 99
81 109 55
44 77 53
69 56 73
93 62 49
81 64 95
62 86 53
88 85 102
71 49 76
70 44 98
90 89 73
87 45 81
83 72 63
59 76 51
84 96 48
96 64 61
70 45 90
51 86 108
84 40 49
86 58 104
53 65 48
57 86 97
104 88 102
44 53 106
106 51 59
95 93 77
65 68 109
83 64 59
95 102 55
85 79 49
60 85 87
57 109 95
43 92 88
75 69 85
100 56 104
50 78 110
50 47 86
76 57 101
108 101 77
89 83 44
73 87 69
74 43 85
40 92 96
96 50 65
74 104 42
86 62 75
43 85 44
110 101 93
106 105 99
94 66 78
47 68 44
54 53 107
70 106 62
68 109 108
44 98 102
91 92 50
58 58 65
88 68 92
91 69 89
50 65 84
53 53 93
108 63 94
71 70 68
100 62 87
102 82 76
70 106 64
90 95 95
99 100 100
47 109 70
86 88 100
62 103 65
55 86 75
80 93 104
46 105 102
106 109 83
90 82 75
41 79 104
48 91 74
79 108 80
77 104 46
43 62 40
71 78 67
79 102 66
78 45 40
82 80 79
92 102 42
108 66 45
59 110 96
85 80 89
84 106 65
70 43 87
82 100 106
59 72 106
100 45 56
63 45 104
44 106 79
67 57 49
62 64 51
64 103 91
95 87 47
47 73 110
72 107 95
50 92 52
108 82 99
78 97 62
102 40 87
84 62 103
47 50 100
48 87 94
100 81 44
50 55 93
51 71 76
92 81 89
107 101 47
66 88 96
60 62 102
44 41 99
78 69 96
62 73 63
45 70 78
88 96 74
42 67 100
47 84 93
56 63 87
108 101 52
100 71 94
54 76 74
72 87 67
71 48 109
102 57 72
64 107 66
109 82 99
74 59 84
74 74 83
80 106 76
52 94 40
68 106 93
55 88 103
47 40 109
60 47 41
89 50 102
75 44 72
45 93 88
71 50 105
90 77 59
44 104 71
68 44 49
83 92 109
54 68 93
59 73 96
98 92 51
69 81 104
46 48 86
96 68 49
71 59 101
43 65 104
80 105 84
97 74 101
79 85 71
101 88 65
71 74 91
89 69 53
69 77 105
76 62 75
53 105 80
60 102 61
98 62 79
77 67 52
89 67 55
65 59 102
78 44 106
91 49 99
99 51 79
92 64 66
67 51 54
71 55 82
84 72 86
43 49 99
100 77 42
103 92 109
56 83 98
54 97 98
84 63 100
58 56 74
41 44 92
75 64 40
46 69 62
73 44 80
85 99 52
55 84 105
93 75 73
99 86 84
61 101 94
70 43 66
80 69 46
74 81 40
63 100 93
56 104 56
88 93 44
92 81 93
44 91 86
61 72 69
64 106 65
57 62 106
53 58 63
88 91 90
43 82 96
57 64 110
104 91 60
79 101 43
90 97 56
91 54 54
84 53 93
50 75 53
105 103 71
53 86 50
86 75 99
71 78 98
45 66 102
72 98 97
68 40 41
80 63 77
84 51 45
58 96 44
50 78 82
105 106 97
71 43 88
57 103 79
65 99 54
91 57 95
49 68 72
40 77 102
46 88 87
54 76 76
103 90 49
72 87 57
63 66 78
107 67 77
55 89 92
53 105 102
89 77 56
99 104 68
107 41 92
52 70 70
45 60 52
40 58 56
81 60 74
101 86 98
65 61 51
75 61 86
67 72 79
68 53 110
54 69 106
71 99 97
84 75 58
106 47 100
91 52 48
110 84 79
62 84 72
81 71 101
48 67 97
101 101 89
101 88 105
59 53 89
68 89 98
41 56 62
64 48 69
102 106 43
85 103 60
69 73 60
64 48 40
63 110 65
42 47 96
99 89 97
49 95 72
82 106 96
65 87 73
87 63 40
44 47 65
60 108 73
102 109 42
80 51 59
52 103 85
45 44 89
52 50 64
